[
  {
    "ts": "2026-03-21T02:10:59+00:00",
    "initial_beliefs": [
      0.3068328319724968,
      0.21186076493339062,
      0.20842286205414698,
      0.2728835410399656
    ],
    "final_beliefs": [
      0.10559902252894417,
      0.19664124157340088,
      0.32711246413444856,
      0.37064727176320633
    ],
    "belief_trajectory": [
      [
        0.3068328319724968,
        0.21186076493339062,
        0.20842286205414698,
        0.2728835410399656
      ],
      [
        0.2250382174731455,
        0.22618746285581878,
        0.24271708475958137,
        0.30605723491145437
      ],
      [
        0.1754263377570029,
        0.23046628133691288,
        0.2670997709862763,
        0.32700760991980793
      ],
      [
        0.14620964786209306,
        0.22938605164585885,
        0.28417586376054427,
        0.3402284367315039
      ],
      [
        0.12925747565782614,
        0.22586382162426727,
        0.2961287736807277,
        0.3487499290371789
      ],
      [
        0.11947269302576569,
        0.22152848428094965,
        0.30455936085068946,
        0.3544394618425952
      ],
      [
        0.11381789319796355,
        0.21721017681961918,
        0.31057357370149496,
        0.35839835628092226
      ],
      [
        0.11053057255411392,
        0.2132855467056052,
        0.31491782395952733,
        0.3612660567807536
      ],
      [
        0.10860118842522445,
        0.20988927504143784,
        0.31809389951388817,
        0.36341563701944946
      ],
      [
        0.10745431983227101,
        0.20703465756123637,
        0.32044141772863965,
        0.365069604877853
      ],
      [
        0.10676193331424914,
        0.20467932196234917,
        0.322193084509635,
        0.36636566021376665
      ],
      [
        0.10633633423169006,
        0.2027597260690903,
        0.32351072014344545,
        0.3673932195557742
      ],
      [
        0.10606943240615616,
        0.2012084756147905,
        0.324508580571909,
        0.3682135114071444
      ],
      [
        0.10589842496853323,
        0.19996241371901521,
        0.32526852119709265,
        0.3688706401153589
      ],
      [
        0.1057864104741719,
        0.19896587443075944,
        0.3258499664345635,
        0.3693977486605051
      ],
      [
        0.10571141163661443,
        0.19817148792847464,
        0.32629656193654677,
        0.36982053849836405
      ],
      [
        0.10566013199547922,
        0.1975398171452616,
        0.3266406872400526,
        0.3701593636192066
      ],
      [
        0.10562438292935075,
        0.19703849985294167,
        0.32690656903070997,
        0.3704305481869976
      ],
      [
        0.10559902252894417,
        0.19664124157340088,
        0.32711246413444856,
        0.37064727176320633
      ]
    ],
    "pruned_policies": 0,
    "cycles_run": 18,
    "entropy_initial": 1.372521865358567,
    "entropy_final": 1.290611362563995,
    "convergence_delta": 0.0008452373598946822
  },
  {
    "ts": "2026-03-21T02:13:09+00:00",
    "initial_beliefs": [
      0.3068328319724968,
      0.21186076493339062,
      0.20842286205414698,
      0.2728835410399656
    ],
    "final_beliefs": [
      0.10559902252894417,
      0.19664124157340088,
      0.32711246413444856,
      0.37064727176320633
    ],
    "belief_trajectory": [
      [
        0.3068328319724968,
        0.21186076493339062,
        0.20842286205414698,
        0.2728835410399656
      ],
      [
        0.2250382174731455,
        0.22618746285581878,
        0.24271708475958137,
        0.30605723491145437
      ],
      [
        0.1754263377570029,
        0.23046628133691288,
        0.2670997709862763,
        0.32700760991980793
      ],
      [
        0.14620964786209306,
        0.22938605164585885,
        0.28417586376054427,
        0.3402284367315039
      ],
      [
        0.12925747565782614,
        0.22586382162426727,
        0.2961287736807277,
        0.3487499290371789
      ],
      [
        0.11947269302576569,
        0.22152848428094965,
        0.30455936085068946,
        0.3544394618425952
      ],
      [
        0.11381789319796355,
        0.21721017681961918,
        0.31057357370149496,
        0.35839835628092226
      ],
      [
        0.11053057255411392,
        0.2132855467056052,
        0.31491782395952733,
        0.3612660567807536
      ],
      [
        0.10860118842522445,
        0.20988927504143784,
        0.31809389951388817,
        0.36341563701944946
      ],
      [
        0.10745431983227101,
        0.20703465756123637,
        0.32044141772863965,
        0.365069604877853
      ],
      [
        0.10676193331424914,
        0.20467932196234917,
        0.322193084509635,
        0.36636566021376665
      ],
      [
        0.10633633423169006,
        0.2027597260690903,
        0.32351072014344545,
        0.3673932195557742
      ],
      [
        0.10606943240615616,
        0.2012084756147905,
        0.324508580571909,
        0.3682135114071444
      ],
      [
        0.10589842496853323,
        0.19996241371901521,
        0.32526852119709265,
        0.3688706401153589
      ],
      [
        0.1057864104741719,
        0.19896587443075944,
        0.3258499664345635,
        0.3693977486605051
      ],
      [
        0.10571141163661443,
        0.19817148792847464,
        0.32629656193654677,
        0.36982053849836405
      ],
      [
        0.10566013199547922,
        0.1975398171452616,
        0.3266406872400526,
        0.3701593636192066
      ],
      [
        0.10562438292935075,
        0.19703849985294167,
        0.32690656903070997,
        0.3704305481869976
      ],
      [
        0.10559902252894417,
        0.19664124157340088,
        0.32711246413444856,
        0.37064727176320633
      ]
    ],
    "pruned_policies": 0,
    "cycles_run": 18,
    "entropy_initial": 1.372521865358567,
    "entropy_final": 1.290611362563995,
    "convergence_delta": 0.0008452373598946822
  }
]
